859451
748020
617556
292501
396953
466353
773926
922624
193275
531764
115204
166051
892061
944178
553464
64491
229479
283831
953229
584777
765181
760079
80849
906374
787778
407489
140448
879949
158529
869362
623375
17980
617382
757283
826833
14335
223637
117111
453312
933264
648875
568516
99315
57289
29046
652779
638132
258525
452962
591362
359654
734496
351441
956855
640870
655571
880696
297670
51872
39225
167032
675247
573557
300767
948883
400390
315102
172520
517502
284766
105784
682729
853282
721451
740018
398680
890582
378151
657206
859896
969513
533212
594392
837306
6420
751614
492878
887116
49285
61102
926342
732669
252702
16251
33436
201585
416642
864891
374105
450496
149657
996241
133225
519292
234044
873244
917972
124626
251395
91530
500874
737260
624743
95267
574566
147515
846881
583796
34631
412518
644899
477325
145188
897601
493577
178624
99186
426571
43515
989643
877067
709525
502236
526644
228817
736280
916240
146789
377258
167635
238320
878132
421247
379415
489751
512166
526930
336633
95962
77913
749151
257213
71591
894339
671166
81520
589316
770352
508091
149183
276347
901510
858708
294935
944506
87525
31215
860747
234315
924825
544734
988987
319310
965982
368402
809061
478148
411684
662046
90462
5949
927550
347676
77540
338241
18842
159060
927557
305547
183503
76741
98246
85013
935449
393182
29520
539327
940749
406619
289994
865575
951353
278981
701237
917335
163735
510298
911835
575419
172345
2298
581368
99895
866326
175261
954488
885168
850673
882046
707067
34177
475139
321666
635542
926940
714848
181414
466267
171949
588033
756261
553876
539387
551594
255113
973074
715329
765412
884910
807100
454109
887208
904821
70356
269886
596434
24844
155054
447107
423242
378474
481284
898381
700140
633179
341674
931340
814593
807941
103289
402627
80555
657166
458366
148501
912279
431440
380183
194043
316350
703635
648152
719910
124808
234860
989796
721242
259705
661203
168350
199299
556029
165986
97681
772521
799165
955707
703861
130111
280000
323502
532738
360555
980668
507456
25409
409300
455248
405592
603343
771599
625579
767848
7861
750388
2708
514010
471630
778765
691565
156332
978065
247594
322319
75746
20115
121484
547805
240328
251595
827805
563830
300685
704713
544499
324493
730122
953799
779742
652066
73494
67693
277645
841342
75554
28033
360403
105916
16016
139168
797481
172348
117233
561427
494667
709331
581542
132504
257136
821870
900451
84942
385701
717489
789655
446552
41982
36129
916703
338076
688195
990197
405769
482192
347892
997676
510226
708295
103592
526242
363815
417426
698590
481049
978853
709610
706732
76748
842114
963869
898618
258917
565163
800671
976406
354818
247223
534741
907299
680278
872817
595494
670476
278587
594038
534720
792615
104264
759367
896207
146858
123182
829985
361801
120583
808839
587763
827316
885587
946229
791185
300557
205146
872700
617581
697905
743870
864804
232646
651169
545083
621815
763015
731911
900402
357053
782983
209369
977670
542350
621929
124528
181884
451914
2681
302468
777105
590444
646136
179044
536673
953673
479602
258172
826373
97183
956077
570243
478339
188723
221412
539774
810538
500779
788037
227293
857832
571020
436662
835502
629722
58591
476383
811607
26858
995416
630427
803963
102213
276563
983008
155238
746588
978962
413410
572961
592497
369487
143204
587188
74562
880968
643315
401453
381747
431352
145098
239579
518725
98112
591434
664799
673056
584169
992758
699914
579585
623185
503877
681798
416100
3237
837037
162688
982199
766799
252001
91048
136287
395205
678237
727201
792525
321552
128654
174272
269256
273752
930204
787981
888217
37990
452781
561273
622159
445539
261187
201744
585077
281416
399895
517529
801006
753284
196570
299557
520083
448571
390606
172722
360129
585195
899924
152654
906747
28578
326927
692355
818683
773483
996689
706900
811473
449470
784525
433632
411361
45712
151728
512790
843480
67975
546672
644486
821259
743242
944044
341343
191813
334650
514065
551942
919845
413989
704597
342944
958920
547876
35299
293955
837711
31988
517207
649184
997810
301732
82816
925524
347444
750896
954666
707276
818872
501338
351763
640131
244580
295807
497826
952746
146809
528244
21040
583006
458585
241989
925950
417505
789865
477601
227812
627576
25942
745019
793112
540104
46751
392280
465628
910547
143177
936647
617824
478401
437985
485939
118532
198918
781746
132711
151664
444907
660955
689056
27913
119540
931046
470215
53398
237263
464168
281210
381192
490110
26230
174304
30215
589333
566585
12195
16233
226114
948842
150409
704515
903180
636348
339399
102098
934446
472110
770114
379353
649417
459170
923618
768958
906568
393833
338708
143832
374353
619918
525024
864464
162500
699328
411031
268186
782265
939578
284419
524731
888421
434828
229246
791601
587528
84998
410051
521974
557108
696517
901327
722878
155687
341297
491836
578608
251482
830544
722440
625835
966814
247464
6651
129315
463144
417682
397501
761762
357261
198272
286493
762034
149452
32092
69987
736980
117090
480038
258954
190550
176555
676633
913428
848594
17930
921616
427202
269412
752160
665994
411599
235327
913458
418251
880994
892955
352285
278495
654717
225898
993119
457562
987932
142571
489654
574271
879551
606744
54309
654857
797295
747216
331490
710723
112163
865772
148692
55717
651536
900852
721712
63135
652531
151522
997738
533525
560829
350024
328372
731898
92274
321491
189461
80207
980414
679115
170830
859965
802212
741492
31174
115859
488708
362664
826582
117223
744788
975274
689293
396324
392479
927357
975812
561362
595231
973550
94888
156061
839926
423260
887959
932201
261104
593772
528760
241518
789240
699590
617836
591452
441082
649010
707311
446143
528027
50245
563366
272815
541872
769011
185492
450703
696368
161304
12065
291600
134854
623305
447661
974781
562918
851972
423334
824022
445745
952094
581892
234985
651684
199728
342789
92767
365091
50100
55262
409470
616697
134980
198637
158569
903992
384129
125624
600360
61785
137690
408312
196640
277347
372325
687773
840265
224298
111107
664287
186395
579553
246180
937732
231237
962260
796873
840356
843703
846973
895618
253173
980022
30599
968163
654944
934591
352292
780568
51303
414078
434610
459616
127070
711958
831941
331195
552223
572591
958654
732863
275338
538207
979043
213070
769444
457655
9943
126153
301359
373268
21771
70884
869643
568722
39047
524587
19665
907692
305155
587321
838122
739766
46937
481544
968076
395230
812739
520299
484174
771393
253162
759512
309600
748557
488935
595396
722565
15230
721549
540276
904851
259673
127512
774494
828395
166560
299081
848061
590604
120588
951734
945078
376706
998671
426622
344782
910253
755713
381434
910779
527106
150948
670292
353058
415858
675579
464806
138423
690809
186356
678699
112012
962381
322563
886506
790776
489123
701939
155189
596079
338880
106923
541157
715586
621946
484131
576721
48552
239844
958155
959331
283302
625455
145975
152712
41313
821554
617519
696088
28716
803875
891139
657080
766256
213703
543587
73384
219178
761878
744926
331610
100758
368201
389119
816345
990148
873251
909418
555052
629447
867573
514383
912750
9380
176711
65462
567046
514617
682981
263134
543333
3208
154274
200414
285816
884329
260353
875553
103507
22231
620479
435117
639342
988680
824237
455687
495180
213840
365105
50232
843287
749030
80968
756037
274762
257679
337852
841808
772296
537185
104943
831982
540394
775569
548748
342562
176250
325453
218115
279757
864036
354946
231227
503378
343627
571816
475417
355159
785656
356874
405392
145295
622256
2712
417685
897019
776743
755537
255179
65391
809074
876474
413725
349468
652043
478825
208383
828293
804278
426498
624403
184667
781445
371982
688045
641424
943798
679815
996583
245806
553041
918327
907453
175298
921039
325138
588669
697782
597027
843848
279526
406102
720323
693251
271922
888718
172077
480305
233364
976355
906804
374119
677374
204601
746101
365420
846025
206251
561587
842608
968409
114628
760936
875862
806278
198327
717353
394947
412462
314380
755148
691988
720482
991823
385239
992405
396893
73668
472710
630257
566376
895866
520728
243750
100467
783181
125522
946492
989432
687109
305453
474193
318090
582741
866408
124368
781068
583761
35668
709882
898141
307168
401870
134976
298991
303462
643733
695884
377130
632795
842494
943506
528662
363222
703609
145481
146404
829131
608326
652188
32593
430131
642734
350683
12872
509142
475051
310292
609255
27071
20175
507396
334239
938397
158724
633230
241859
802457
845467
135342
951605
687961
595200
996619
567535
298809
142100
230291
644293
266778
398832
676886
696909
41566
27569
709781
67060
18972
536426
676315
46044
556601
700063
380283
11350
858788
529866
253210
177597
375333
904904
645554
579646
16456
642173
663533
831618
300626
410177
475911
567404
809009
152797
780666
366927
696718
6799
950339
232042
543225
626654
278086
616178
843069
174722
627529
701857
704588
397091
395807
596273
301995
41361
692271
834803
199887
872156
666421
500513
282333
142332
584269
607694
811481
881287
974621
24551
888087
924960
256594
947664
67966
534680
80195
911036
225754
707724
129245
446694
621167
41404
559319
439514
599118
251590
274317
799005
640099
940739
815870
922432
599423
916491
530127
410905
314131
21100
435456
718570
462413
208402
666234
46731
259435
746429
957767
485189
970505
603365
931884
591672
644769
491203
31186
760239
259146
305504
559244
899245
762595
891466
338029
362018
807958
868156
289275
122089
405609
241084
357011
384374
449486
23245
431105
708921
286027
905225
194111
772884
508590
642347
364557
669711
649902
912095
429951
909048
733951
505547
324645
496546
397014
662675
374917
721324
47183
664192
359765
452792
905276
716776
837166
354763
256373
784624
580036
58752
689849
290499
831637
714791
932846
196194
900854
99101
624641
847157
524501
358593
352705
849147
371491
266071
511822
746408
503747
75357
410601
863512
528150
315877
96640
881668
186992
353013
182644
767029
411766
872493
57528
759755
103636
506727
472301
4491
605828
96942
851648
130329
971887
720705
979476
343379
986776
7650
89787
490523
83008
16740
870387
127510
848970
483379
525530
35962
836393
708175
319343
764511
97020
376872
524266
717009
883599
996567
721500
5779
609861
89500
136108
581749
326558
631937
441480
313334
155939
47619
320210
755299
64360
706949
399161
913330
190329
441044
465644
543074
149219
784988
823937
762591
161860
348203
479600
561811
861122
717452
83942
987335
323305
220050
569084
649863
368339
10564
479549
40631
574536
316111
795930
638896
23061
711444
68578
729742
152488
50574
272816
818059
835562
96753
580650
513774
961308
576603
591937
338782
810407
675879
326117
133712
412282
895202
299927
296973
422118
295829
337604
996654
611940
649887
151902
151353
361331
220480
881095
513819
787407
670263
848230
622969
767016
945232
136744
244676
521835
245033
583458
848595
920913
909576
498659
849547
321130
798587
146520
743248
610768
484125
256255
739060
134012
924509
890414
11695
661342
287861
41866
448749
474477
890096
71718
757845
835328
724814
2522
873516
969848
585980
722111
407113
11908
737122
256660
333038
535709
403180
592639
662829
403657
365246
401890
537669
289755
292304
549364
951097
96517
591230
399846
570994
997678
987917
328840
833007
712731
847714
222875
198931
433694
461338
122396
961955
198460
379056
294993
250522
298589
887632
913351
702246
769230
315241
756268
58986
123897
305632
10083
220415
413215
926282
307761
410893
914199
152953
760252
143282
667
983127
342214
950714
960817
980962
912669
159278
360019
207662
409800
174960
611647
839503
877206
897229
154745
149826
956215
278642
971811
482651
15409
385026
408933
323171
312271
839484
476124
588876
982766
993144
88355
841332
943858
49173
822295
856527
724803
698666
580541
134603
873626
708540
974106
267184
605770
645203
417011
78337
923846
388822
560988
939255
290200
486273
778778
118823
842109
254903
707699
824876
248047
796055
666208
708257
845228
4855
81136
570031
703521
178029
220986
93499
886570
711444
360684
8692
356648
294047
603381
796846
199221
680722
736101
5773
166995
31232
124596
9105
286135
832296
350333
50534
144703
532893
275143
506283
537749
356279
76314
757622
534308
813652
851122
937230
41448
728158
462274
398096
538557
65656
711294
737778
746378
963748
259903
429725
994980
384499
955182
281115
733147
305515
848001
877850
838409
123144
384133
892510
479423
976799
650132
530083
306803
501254
467314
348252
229412
929588
262700
767969
511596
973995
22099
257974
937743
282002
687700
449075
182854
642882
246542
432353
464750
94543
310204
819511
734039
210689
712021
729814
703841
362153
259897
10644
379760
243563
875248
125524
689504
654301
409846
201100
144648
948297
459075
598743
746652
663127
47818
929506
822361
294360
361859
287111
905255
188415
106622
639294
399105
334995
369108
619298
213501
145357
146294
593261
905273
21543
235137
594777
192196
644983
795877
336844
109633
771304
935587
856285
434431
983405
785791
773145
277765
664002
60256
183020
852418
683231
338666
767875
534578
707774
903525
748079
369483
49819
857692
274756
587714
92830
385885
779910
254165
698115
116754
363798
469419
52341
220083
420203
552098
522226
193348
829863
186229
769956
529235
554999
969539
867901
839226
504118
92027
742751
768549
977863
792570
626242
768971
380285
235424
154857
676547
5941
852972
793302
369740
838743
361995
106175
775298
914094
144754
484998
260309
847335
771307
305897
402334
740846
173798
241560
761316
782178
500663
529866
760041
293233
156108
529012
189870
907884
200221
866418
913825
569545
176072
283565
924641
54419
906093
699939
484865
50847
184938
745175
898182
956245
51072
816868
213443
741222
574780
974760
39752
75443
504626
799793
885028
177086
845158
74899
84970
561731
457669
998795
647629
633741
798713
572270
688160
221158
788561
689378
272005
489851
434553
686539
962448
1977
503407
175892
259551
594539
667004
299304
669982
687982
615449
555010
381420
976959
146261
466390
55043
603930
981537
702672
754023
296602
791294
958536
517760
579855
647914
306117
586059
598819
992656
548507
600796
12415
240751
376699
606954
424107
192355
793288
112089
324157
348299
493509
817468
494560
476251
872511
614843
974141
91535
368866
270743
399181
327402
788504
495389
975316
94621
81448
90487
603630
146307
207635
616045
387059
584335
739352
811166
293042
532640
439608
617199
397291
449469
434668
891852
925721
823531
23047
416214
431419
391913
686957
830600
235668
991813
325989
727336
602787
407437
817824
206417
553745
25459
338814
457156
126146
78166
268322
419189
127159
224282
552740
524450
673752
503760
932654
115825
327292
955701
532039
275063
863967
218996
105663
99635
727162
431653
343323
329949
355442
161147
52718
909187
702959
907884
882695
829105
502403
667370
764646
629562
891652
317387
154012
565404
337499
86667
681229
664791
42368
213268
939854
422687
948617
561870
522322
675779
993523
381998
522080
865317
543145
91150
774505
762456
999034
657200
107914
501437
324570
872560
130999
732575
706299
801364
297979
43799
888031
495561
224942
446751
708829
681149
385791
173798
243019
908113
849577
752894
290111
888009
618211
349609
979159
909068
112065
978194
82621
219979
995983
923543
608892
643335
656118
315191
444699
470450
875342
849082
966011
100285
812185
191192
781434
197976
364991
24453
622442
730920
293699
428905
618930
911910
778514
598089
820979
406932
92635
903600
143263
88619
827143
268507
731954
483262
100051
693005
953712
975393
58439
436075
75678
870624
627267
373464
68601
992258
914269
207395
723179
207968
636300
858461
119879
931167
456550
457210
338099
65538
360810
997714
154157
704305
266222
402463
187567
366273
611820
657631
858018
670259
610058
933697
540883
237326
307161
125836
745936
737783
333231
469115
945751
485884
843928
581982
417051
300479
39192
271502
366017
400002
269216
36526
104308
51790
955341
808227
934415
567161
982211
792434
753772
592269
726131
294655
829595
549644
936844
91884
287427
786427
560999
749531
272311
921280
331513
689362
221759
370706
477216
104128
287060
746433
657006
391368
798223
128699
715948
732639
695860
214511
525073
965984
806780
767556
776991
152728
833552
713835
760964
637332
16615
838315
386863
288926
759595
718376
494641
497706
605434
971857
601834
892495
234642
775192
800215
549218
903891
32515
798209
116103
247026
839634
82087
570159
607190
859079
239239
440742
89266
203
594426
105881
838518
981289
911160
598114
216018
922153
95820
821452
410362
214007
230299
645005
505551
546867
194223
925795
579382
508784
558250
342761
348418
156690
912920
955608
532121
668511
912702
621387
185066
507129
243621
23584
4770
671133
138050
220788
593286
750223
558593
3648
480582
305244
165005
502485
852111
875580
428280
431494
384364
986531
774255
732782
143221
203527
204742
675342
872038
633797
813081
57104
657278
56702
597040
662048
727835
251443
399189
837473
518018
474134
357474
998600
779378
38831
501085
631490
914412
445718
579336
815128
432249
353591
64263
575470
73470
269005
767164
945508
419154
580245
518964
76432
153300
632356
738481
397487
400151
654022
234961
918169
128156
108787
433121
907534
147618
934207
539024
578382
379925
118360
393511
328526
988303
457774
420348
61773
243131
187512
523633
662286
284109
558949
255070
437409
191306
993551
351249
107809
163925
586210
25979
292081
211349
459100
715968
358967
909659
771344
937350
805936
889705
847213
650814
394360
304987
71162
972486
64470
775026
496119
726756
59136
571421
981827
12897
279079
491730
364146
386888
655656
466708
412867
464089
678057
388320
180057
553377
297979
951402
7079
620268
357459
854292
271082
268171
159279
342245
240657
740101
633623
253129
466858
692759
824550
965037
222009
103629
973119
102507
490517
145127
569216
419737
125569
763625
808057
305626
317002
622388
773380
324081
242656
130839
694725
513739
915363
370356
372336
156020
110458
5959
409149
93668
215071
750051
575057
953432
853680
548176
55939
860550
209656
141507
280287
335225
905133
604696
640851
738487
227084
930584
578921
986093
577775
273646
16184
493138
644003
388520
165511
754461
910831
574660
848129
642254
324712
423186
595686
694744
487714
651626
555294
697370
793133
351933
32595
214618
956629
189799
953106
700066
120383
532027
686159
214510
322025
702343
707649
966028
607215
873160
236841
518046
964172
84970
160301
805236
24508
272339
499981
28575
440317
571627
725945
233451
923561
274893
964421
396542
464692
917527
96608
101427
965906
782767
832289
287932
485110
539938
253960
608677
929450
490802
643076
409975
92124
319729
215211
632985
592068
231544
661560
32386
319524
387505
782189
243085
178750
746610
639627
643442
664138
252588
261221
146396
35355
93511
434328
36818
149801
204641
645495
79252
211795
288571
5579
820271
608300
220790
453256
716721
968687
114816
749107
288211
18674
531296
47648
197424
277906
203627
357219
458396
456215
618440
604793
491571
228303
555473
44741
378105
760114
206588
973709
488261
11512
979288
308533
619812
716430
761789
336533
685117
392958
601992
973328
411632
133288
20976
125408
927547
740956
482627
902295
197171
617420
507088
205094
362075
578914
249835
256532
339028
456424
230241
827290
467936
725881
652175
604100
958664
413964
456986
643781
806922
575330
133462
734906
224971
670790
860315
152518
411746
859294
571165
125270
993066
78254
330364
355142
173520
580200
611674
512548
552976
358268
856190
537264
600501
24717
657716
559165
438682
631054
719299
761956
206385
369113
496863
947708
556255
873530
616578
968002
732824
187743
609624
725891
782349
939988
81033
955869
36540
209059
984770
105868
567327
357312
159484
167829
382030
817201
726994
820712
964607
962645
582668
687344
331758
595883
635052
888014
469413
251630
372368
718590
439374
981992
444481
221723
921980
41866
177593
958521
767277
678715
580741
334605
36027
740226
18786
418057
557427
262132
755121
38386
224778
854142
725731
556536
450025
360783
960902
435791
128766
333270
154381
568140
831614
115214
306215
753595
673432
160
228468
440709
678875
325561
291666
714903
65787
310452
649312
139566
572585
404434
177953
797363
258576
903684
870251
224953
780819
347506
177096
909585
680776
847829
477725
28743
963043
300293
298690
152827
300453
43510
109889
979329
369071
401555
210584
434859
228360
859896
574425
800945
780682
752378
114660
555610
172414
501263
780564
953234
848769
957660
379171
45898
805490
373249
74641
284885
673542
373331
954065
973995
416841
63954
469676
302264
981861
196612
737123
210221
56509
311549
527518
353543
580279
642178
909154
752694
143442
206070
222280
992211
680082
601451
554461
1924
974700
629102
286810
648242
518785
757227
138590
451978
337533
124618
754243
319394
321231
7718
45968
894092
319267
573486
247635
415899
215665
156789
684945
875459
879211
907225
384022
559294
25028
938484
561218
999729
83938
364380
164323
602724
121607
819265
571054
459140
943884
325297
294887
265115
333016
340855
675559
168635
914341
923194
584534
646358
596336
785831
38169
475547
693056
422192
34841
718085
877028
112412
234166
960966
476792
914841
80042
598400
734107
651097
573892
194343
976394
868779
975810
825762
209634
651369
510750
640328
574563
611636
803038
687251
397468
841208
162799
606876
779752
713992
841313
656780
826404
75479
617746
303197
506673
697789
417949
757132
865238
991841
467827
357984
860621
443637
183747
586607
611358
694497
743287
185921
306133
62678
389525
219953
420238
68676
826830
716342
782668
668143
373122
125425
259975
507220
944974
766648
721361
362923
40132
586599
871116
507959
944584
248089
951596
644683
834697
562954
855532
94336
265227
678017
673366
171104
897971
93604
239780
724801
326298
538801
909296
699420
664226
169271
722993
609200
452271
960706
488475
8755
547306
359591
516714
8242
607681
984662
169277
958730
63968
24809
569418
845548
702826
242785
16652
117149
852741
772785
358302
179040
311586
267599
394812
975812
953222
117805
101364
921846
594864
589839
930601
142170
465782
447316
666764
73463
948330
836041
548545
12299
377202
117964
374199
80028
877101
390851
713530
246194
163636
71832
941586
475222
339431
336399
967386
809006
970556
585102
730852
565420
691293
661453
223942
157076
625121
407058
746891
573452
759451
295437
102103
136653
929753
476302
733034
806854
383505
446564
53048
63494
518396
994635
55068
374180
847386
22455
183186
334294
123909
430390
899715
815203
608195
640009
972279
233317
47068
719170
323121
806519
14607
941576
459525
460712
934230
708911
267566
317735
671827
836967
381229
706575
347954
436298
80755
711692
975105
780293
45986
99014
727035
945701
430569
335231
102063
402848
84900
149131
122019
924373
472002
652978
865949
447879
630043
800179
156790
897609
634266
344969
250928
531848
51545
598882
484498
648652
826926
459603
945298
872913
74969
672333
818614
21891
7564
437029
424739
608816
586160
63110
533189
574515
232441
915490
22394
862484
232021
695537
276445
866288
40506
527374
398136
92051
642608
882634
257056
469535
858589
202354
342448
449910
874687
677414
471801
398604
114444
412893
7420
216956
476003
56962
791471
708444
972452
330218
87280
204474
542107
363726
587114
98965
407452
985250
707369
50060
384236
964425
35947
759177
166779
894747
209087
41466
572162
197241
956422
202958
610134
480195
419914
86137
537157
727738
310934
25961
574308
914566
746787
116415
278292
850253
215380
202096
351855
922749
768509
736091
887174
804456
495268
53953
699204
220708
611772
787718
417949
84546
990676
28083
564741
926942
630572
618250
654680
457858
160564
228988
372425
423703
861755
167069
273957
77136
369166
625812
516237
137675
878256
919764
942131
889876
973717
157687
110584
101841
945405
44885
702740
452433
589320
267481
379376
219893
402084
550408
194103
79000
295749
566528
502703
157504
733598
293012
750992
619116
435177
267230
756791
313433
186994
215274
203309
677063
889314
830246
295257
351071
391483
997997
803505
980804
781830
699233
717049
183914
249641
911152
779266
545390
994033
281970
702895
243983
574982
453887
863099
10159
237469
136242
839944
424463
867868
559606
617879
757182
906204
913136
108254
297687
911133
428111
794843
209315
127344
511892
909582
376985
939397
688848
922376
933430
487170
141623
177413
578505
111862
40512
105016
349332
693106
944961
290147
560974
20919
908026
318157
927123
821162
942763
741162
248647
370874
536006
974315
498218
564250
883897
391555
503647
89097
830283
953429
576268
971906
130842
154773
600121
687706
259789
949453
380812
721102
239600
941787
742021
147627
776296
185496
485141
235411
926659
250141
122637
979017
224456
137207
59619
624705
528762
563267
713802
359046
33048
290070
847304
163891
961195
447425
367949
220985
913230
265114
458439
152831
723253
716813
816810
499549
902309
818303
251312
345320
584796
373949
840689
325604
511156
900309
950309
39918
979928
664112
915316
12976
470534
278973
693219
431730
242750
61169
169067
155981
326283
143858
825164
49536
860671
158326
65437
279333
976629
316749
624653
77778
690698
981695
403382
718206
882004
353692
274476
378284
534156
706145
391260
4690
985118
84480
952772
227868
662001
121839
900201
504636
265698
725365
554172
126369
883691
135961
922054
376673
452710
546708
454451
659760
44755
857833
377966
443111
727877
168794
821395
262033
874939
212655
266724
860057
813487
219496
604278
991840
857688
20831
496476
639738
746197
50648
282459
146240
186609
204514
39265
155671
267574
10068
331783
312329
867902
226101
755440
595779
394896
576835
374165
269835
305842
640889
646245
635682
376737
766875
627522
234425
787706
123999
874163
533903
690999
672975
196496
393961
877489
752113
65984
145063
762182
397768
457392
630084
623869
212832
742215
535117
306019
116380
804953
611861
273621
967550
763895
166711
734425
391418
401136
522131
515417
791652
572387
722768
464627
768883
116729
858468
520996
182714
3531
799530
96834
977275
945966
720703
706459
688182
772173
12478
320914
93478
140691
110888
61028
904587
277599
795453
812357
195087
317584
844126
503091
406323
566894
484070
691558
683624
342538
212555
382690
862421
12085
479524
839696
474404
716579
546155
678938
488752
74985
999852
582230
732029
627092
643258
636616
421043
955063
965325
132483
789000
809451
635574
195323
376345
635997
886882
576321
494887
615789
475363
357309
144226
954887
197005
618630
187819
259513
297568
676571
334498
813773
775154
66527
957217
934764
219495
378261
889828
184820
510744
195180
510623
662670
390503
886969
298667
793737
979642
793555
409526
971358
150864
553753
442597
864221
688735
630416
640086
986304
823340
490937
316429
598494
557464
273646
49610
293312
168259
455790
994484
679003
650970
505108
341674
41474
908429
156693
351563
404423
466600
761090
375781
133816
831195
818379
998038
36282
448795
154476
538938
272135
645413
855367
386981
719230
129014
952944
12542
297273
408734
7026
492629
59705
28486
350655
617531
936915
507348
969094
341339
490301
246536
717120
624117
594083
51851
138507
630366
500647
292984
169304
289134
938397
24672
192468
657627
670038
145412
186521
483663
70498
709900
492644
646555
738386
843299
780438
191654
867000
749533
49345
357301
512421
282817
497770
106505
334669
636278
253223
351668
929262
422527
157154
384011
963551
349622
557991
149941
11386
260864
149957
81885
970764
642601
244792
225503
2253
25231
933509
385605
291116
982854
259258
803537
782023
757028
426394
633044
393306
679617
984712
838920
618497
141867
739284
98400
7841
813627
248342
19228
74491
914651
617465
45256
557252
862257
787111
75857
887488
720620
461462
178604
219826
720720
498494
518201
994101
924888
151246
903759
120858
135958
742680
255707
794177
998316
354107
802019
811943
118801
337599
886434
33452
955064
448042
590705
333673
751505
182914
221162
988477
644377
916118
724655
881449
414612
242857
875550
855853
394103
779310
493063
46413
38342
748770
840591
36658
619229
158962
364953
738031
496561
251387
771483
967977
215782
878540
301650
967287
577807
39164
955765
222184
955283
680420
103633
886247
923277
495536
258452
833732
274846
267867
880146
829540
16637
237089
866198
152219
396051
747503
890250
408964
998890
178085
376941
214672
572978
678591
181960
150785
234108
654077
889321
705743
334497
509306
108342
774127
4842
366795
607859
796040
634662
4357
625580
167652
241446
8130
319871
153849
755633
726473
79165
270876
420910
456106
485548
993888
651050
183860
661025
885158
354289
550346
107253
688787
59653
215595
462914
580847
582390
587125
376888
733405
591483
518820
417409
349281
526951
737280
503131
798936
980105
98648
69812
401015
554755
71713
911256
722157
771925
572281
123667
126215
638980
230920
815002
214985
446515
794268
795832
545258
381393
172720
278663
972876
691541
696072
838510
734844
949704
857993
50132
446161
956641
119945
847176
511396
708010
274784
233553
479935
363418
873572
606150
2398
104492
937504
217383
551008
731772
529567
96266
629518
702288
891281
118746
910181
103705
957256
161377
569761
815249
211509
15922
771891
847806
863098
799639
555816
654235
549545
35752
17653
423117
641902
20051
527610
95759
753786
594970
343883
283353
207588
973401
501993
98869
92148
928526
718926
565756
89903
288687
381006
817765
304609
669249
665571
684059
985240
221388
338294
534785
257140
872299
474255
415394
892350
518217
27505
646136
113187
371389
445842
320775
344790
947835
935996
953290
876362
171274
519047
966265
976313
416405
300382
280922
602006
965954
481333
587246
703694
335980
122032
477186
208279
112639
408932
616982
630856
436438
779470
744043
807827
225312
581170
152617
173148
33518
622260
565862
721144
141307
48479
697457
74064
348862
494731
676070
314816
492416
263316
18510
828396
901700
12048
553028
14339
420980
170010
161547
857418
465832
421942
665245
691145
519464
334215
380645
69334
956475
946507
790478
614134
994986
487935
204550
343848
499018
880620
175016
991435
143936
709878
336183
561989
721926
889211
92680
142907
575573
254228
325
41406
676170
181923
248903
195635
32490
629548
264969
505317
576055
571800
119451
87393
59735
324001
431242
75106
720973
606258
66541
381261
832489
919076
943250
554415
808288
552283
697322
900213
806511
214000
457971
999033
395923
706874
194668
428413
852774
975990
450082
428829
547790
569533
516223
123877
409886
463817
198983
647211
586427
781876
28472
418916
700953
488075
489684
25593
40358
703358
442158
363221
917358
900130
362254
829633
123356
73275
774398
976131
49265
224480
921312
597055
310365
953887
237284
236603
934056
436268
883814
520484
734496
912287
455752
435449
916714
945436
977394
957072
648795
419553
320293
82505
319683
198899
912139
959391
272174
202889
935522
321439
943722
373187
434846
254087
843426
672131
490691
777483
624751
890857
814319
359247
319496
270071
311049
236210
731860
288443
709634
380655
707996
546279
463160
544031
745179
891651
503423
17353
610893
955297
855145
554615
844836
289991
808702
688263
478474
815745
982098
619577
706603
796417
495177
26099
66488
806226
778662
798348
611021
488296
695355
835370
34576
674868
895753
779755
82871
915528
313460
693764
870826
684957
248379
232014
974949
57082
436629
969775
389179
418727
589353
95782
215144
84530
638234
797985
407108
416896
112685
18129
905192
324393
369851
456120
999261
265605
752227
82132
181133
65688
775897
568311
266997
540628
800326
241946
114062
236955
728074
503242
172035
833779
115376
387179
918309
753610
701516
841769
686858
330554
376250
108403
654947
746102
564523
170560
528059
316751
252692
709192
898791
544941
793856
165788
601922
110534
924087
715984
863841
168513
219226
35876
2292
850955
939408
436953
120917
157276
278722
807776
487830
654972
916179
142777
917426
997054
313337
445485
830157
82382
671030
728948
143675
981238
411089
745597
91772
851528
461582
955613
20041
197160
991490
22333
48115
447250
459286
169033
604526
254360
493161
92357
425684
925692
751486
859463
922746
64824
821300
752904
663558
492330
998204
807233
473568
409293
552831
81692
260821
530765
37306
797214
727925
545148
335899
292393
508750
795185
977778
113276
565897
470939
721985
991582
912983
473472
367397
835729
54648
188697
104985
234558
197380
103190
41791
187300
28835
110974
268993
806009
641739
306299
603223
886017
367799
939123
178410
876549
250660
156188
506177
332910
143479
228163
840844
56462
217987
208241
408543
788987
396938
513529
23545
594318
133071
581688
781619
161906
692663
566964
967915
850754
389615
87491
736771
757414
26614
915181
150315
793626
587721
172844
126536
247552
401007
967380
304014
135346
175621
228910
924333
88912
742439
464230
199582
875510
45919
497553
553768
254934
64517
521684
105688
454132
609175
842460
727898
152141
273993
878213
462119
861715
51058
588656
625619
968417
72388
929634
103764
764362
674896
544449
853274
417335
525032
52856
809197
570951
66762
362965
825885
131279
401001
931573
585412
526528
290385
313310
678669
564379
707876
657141
942446
758934
245797
568065
243703
834537
14051
863819
598899
688947
924621
968525
622634
449653
537734
431831
20604
604496
311149
362841
735775
712150
810766
837539
238679
101152
667202
433700
181883
375078
90841
124329
650364
852990
208746
894067
687528
222798
274239
802779
428097
198860
287657
50732
648513
825391
998915
185469
946239
826416
64662
198366
538567
875428
35906
293598
492932
703108
727298
674815
594538
334492
799144
244902
187482
7891
655321
391362
747041
445912
710494
691490
644772
998151
258574
809637
339894
773842
995106
286133
600258
576120
484499
655177
451549
36757
948775
944481
256217
192426
135649
850755
526918
451145
612009
230752
975388
783683
622115
722429
229595
848961
413920
874368
847112
188846
684005
703358
962688
195464
989491
562947
771584
990342
218124
739485
27100
166900
200319
283317
875678
335968
650425
402596
787113
262434
633348
762502
46117
771815
1283
275713
620776
931555
666433
984240
120402
866790
687598
83090
578606
677089
162389
866543
183784
380514
606028
210884
63766
322699
10553
939444
175019
660978
858392
962133
439765
491740
240987
2234
263556
758622
277947
400684
690178
460732
384925
326932
327523
588875
926374
906129
782317
88764
772672
966101
985630
895053
176985
49396
217752
703890
505192
392772
881221
363584
871257
320986
855324
628596
323220
635232
387218
117520
552269
593748
94604
937194
920680
422127
42421
847055
844609
824738
935819
133633
790839
921449
545038
484176
487197
762791
188067
992389
671915
69288
355973
59524
390274
727649
204472
229846
879234
591690
863718
431503
185439
958323
885049
622471
896802
927470
985878
741411
752209
921697
391397
59400
359498
936435
543577
363047
215578
731644
871788
403845
800932
744113
463369
707558
471763
184193
453756
867349
775884
317475
298852
477675
275798
700253
616498
172600
144075
602377
430364
896284
40426
821761
955685
916277
758196
15614
279324
973775
747258
151113
893972
64542
895226
357342
288452
883341
541535
742208
750690
833771
576035
565894
827798
368185
266147
444297
57138
410223
563026
487502
822859
603452
825615
294896
519729
100163
310510
799054
590290
574120
950167
484263
155014
361745
841605
443466
245087
899492
702027
512129
249616
794414
78024
593766
162600
860523
38063
736090
787098
601089
739944
126310
204542
565559
937558
240623
665722
764421
39677
256013
338541
506196
740276
493556
384294
98233
453374
629381
514077
671753
657862
280045
466168
735886
873812
145120
112762
428227
881210
899860
29317
621154
542522
750211
703065
480081
507186
368787
244502
546864
141152
583043
569412
397780
592951
953706
12365
562678
99439
42795
234431
757302
322840
700599
9540
196652
362071
638654
624880
759633
538515
170549
380787
81037
437112
600204
561118
944298
485344
805620
7514
142848
905016
576927
540629
14319
46985
69346
576997
662777
112141
811429
936431
951334
28380
945971
664338
390452
100978
805570
150085
639493
976119
47225
236882
929583
163781
314353
390234
649125
636325
397748
791974
57693
491027
848955
72013
54365
918301
649010
717142
546795
460439
653573
498129
5172
115896
162467
911976
216874
484390
62061
372719
976861
625638
125954
906445
305772
440307
296679
954897
592984
210779
263223
650678
218159
112178
239043
272524
546832
888053
989666
93627
864845
159591
108108
870017
275487
786927
781993
8714
271317
360406
381433
764531
502397
507387
670976
808169
464046
484007
279418
573383
211138
542642
740413
429297
171172
979456
701821
234356
867509
207839
844335
248706
367430
952443
635075
159270
255723
933420
167984
43392
810179
65769
807923
312576
89509
995251
637097
553555
995610
432867
643290
206749
491861
383703
636046
663034
363159
854220
897390
747021
62059
258078
995727
945842
210521
147155
105112
982596
80575
273096
25989
890754
338865
350264
719682
428374
345516
873131
498282
341126
305999
141572
64227
797860
525276
216626
977246
404787
70846
390989
151808
649257
649067
663888
595099
375940
327395
700211
358537
407970
489659
900878
815077
828525
767494
534759
773251
113010
407891
787885
970489
230242
445810
551068
28102
487438
767694
5349
892225
354892
912690
560386
4150
561757
740626
115601
937697
68021
815813
296234
475991
305472
713464
807420
650349
480959
342180
939953
110321
266423
244190
597162
13017
690000
148231
41119
177438
432277
562820
586016
303522
475510
146402
307672
553619
887028
939625
491317
955049
755438
303903
947392
577263
17368
754813
743964
14679
613345
200269
641352
396120
444460
238515
409137
134460
903098
450256
828251
851727
529429
414267
155249
521291
77021
979273
74911
480401
918899
566228
435450
190689
386483
899194
284304
920203
654007
28269
934882
267352
744890
576235
663472
189350
331102
72609
840163
750552
39218
668414
602279
84999
599033
273881
606290
192406
769506
681201
672807
688405
763781
108257
395447
150265
7451
679751
70468
177811
224372
521703
961515
969263
614290
141340
158613
461744
213949
515128
212296
769519
699894
330927
854518
298927
121160
977161
491333
890667
174714
680492
95424
938496
788749
490871
605113
312553
686975
191933
6716
911347
713636
968231
396962
844278
109571
71928
306022
839873
587056
518318
609392
286951
365598
980263
102230
486758
957424
109916
893777
132138
790408
989202
586986
95510
480073
708451
924415
167048
900385
931131
594748
130373
899362
991710
974652
525286
63638
280674
365159
167047
315345
490903
453998
197295
987518
72580
684053
461294
182496
577831
109785
972905
567033
696771
68415
563458
405223
509182
246859
821960
440313
357959
952333
856027
349669
926985
897665
929660
724012
779176
96707
39357
270080
67057
236652
773950
139637
437057
751597
322134
531240
861382
811391
614625
74505
396158
694436
996080
905340
941295
818040
862005
299254
286726
718032
165275
213711
615698
611287
454075
394874
707994
493432
181306
291403
246436
471609
431041
199846
223206
269527
731086
84588
597270
862064
675445
993428
556500
671526
415120
14147
5918
277125
313401
292644
511509
995028
22708
643559
606316
476783
554786
830662
486568
252444
122066
249356
724053
69459
449202
463611
855338
696641
64551
452608
558705
739997
962388
631557
927875
893860
645704
450145
170985
475457
742790
198846
470485
281850
842406
593153
758633
913544
940168
761553
165988
578586
10910
406394
648045
976464
870005
19735
673105
934557
988695
748162
190906
951083
379719
118781
844943
25423
568926
532280
500880
828068
247478
487718
109918
606236
80871
384904
519780
537391
662809
202121
115977
673719
608515
280374
650184
994872
300109
839641
929429
288804
104156
120335
756239
483875
755468
117534
25651
840747
166166
42883
668815
929997
530601
295086
536233
127825
196342
572366
665216
859151
774487
297546
49223
899354
577920
215759
894226
394382
55400
340008
199538
675908
976695
955778
676136
732164
589664
701787
572911
272183
261022
758078
202180
307976
569516
254765
435801
282210
827131
617369
657714
117970
914915
706937
17324
9188
922696
427903
403570
494448
767911
603108
170357
744606
75238
846493
993122
181255
64632
82385
453438
325654
356816
171970
633630
926332
426735
69431
724895
770219
203153
382609
888189
634420
89546
421866
643608
12242
849769
47178
506690
134032
166639
193399
878638
241877
39892
871761
423132
104524
470498
392922
430179
827314
564892
63809
753647
991628
649593
994894
761847
369098
377503
166388
3518
467049
588254
163479
995643
954375
210657
18685
88407
377296
212085
483398
135526
251977
871511
75010
872854
342009
467933
303033
169324
32825
883194
439323
540805
49139
434217
302652
934589
811720
469041
454460
795121
573647
617939
307116
528023
344948
325801
616430
238597
537886
99828
374123
306216
487691
449133
179070
829701
433418
998455
999025
466244
398001
954700
7049
963493
388917
826054
414434
716989
811447
868894
512110
385094
486833
819226
429469
831782
661379
45900
70379
715618
662080
960854
21834
149772
926339
717256
495825
359758
232063
494850
826002
146416
449550
349403
626261
354819
691809
40696
71808
503256
909590
100270
404703
912776
435848
834172
260910
97227
396424
847641
329197
574857
808495
867383
240981
251186
584639
736806
610944
333054
748008
953298
479471
713910
819054
622084
68729
510863
662780
656889
530472
88723
757159
451527
1499
709359
285699
262409
322938
198476
110050
652136
773333
434897
519519
530666
686083
620511
267472
297028
953565
15480
766678
949388
245742
585732
571473
314471
612948
750605
971360
143420
839328
244871
594947
840827
954230
396998
103236
793520
111826
729638
445656
401511
164535
965176
932177
366971
102039
199649
180351
55604
731481
947029
521345
977223
49114
609170
808046
662062
359775
295758
321834
199104
540629
433133
39931
11211
830131
659520
804732
941958
389158
766740
343469
70046
248268
791999
953369
350307
991648
133720
405912
239482
597101
443609
733057
646215
52779
541104
824629
412554
836862
146463
611658
893844
579596
167942
421407
926080
827462
226139
384390
732972
509232
244211
319370
757500
36210
272739
107808
544211
922811
513720
300045
519913
957329
33102
166128
526460
90558
507110
939014
443773
653573
550673
337617
749522
718615
759024
191954
62429
501516
576344
311753
10748
820555
631124
284600
373118
420215
392408
917329
343027
422480
733726
862940
896161
766828
545420
422621
857387
52530
361636
301160
706104
428661
155129
971978
663628
430505
163932
726057
932021
740276
37810
459121
77183
185286
743722
966653
605502
136130
400334
948529
558611
134060
327821
454772
900889
873241
393746
274628
925772
755382
92140
148228
184043
247269
120206
847671
677774
284138
90080
126148
540766
644242
101621
134301
829529
845343
100955
435031
497826
501289
899912
572789
635350
227733
543913
52591
100974
937659
327219
543098
693041
935711
691326
393436
699332
811532
757459
893458
612022
847539
19606
152788
491782
121228
803442
837663
482923
904397
789046
497101
922038
688958
69890
557388
433043
130156
126331
50369
67815
969902
593468
277209
905613
284794
670645
604945
96327
428105
498404
224701
791996
34362
893842
800130
671942
697284
637793
671218
118033
426839
168319
40071
632149
754562
113812
65192
884718
240143
115562
952533
726398
709030
229742
632011
510176
416740
753309
122855
361197
251713
347557
153193
802427
241399
953324
474370
455035
107469
145588
89420
534309
830259
645843
682810
584821
759655
748003
469539
516151
379917
938425
242549
605299
168167
390912
115475
101259
144221
238331
462456
912286
102240
615650
714714
859991
85326
189084
831378
192795
851024
920798
243456
681283
566641
926267
266105
842649
190622
735644
875152
570539
190421
634053
175838
358589
24965
807665
976200
169187
562348
438657
597825
664588
570659
312539
524579
172337
501623
355957
881484
352647
793107
124941
33931
359749
567560
816388
202398
758182
552032
593902
328721
742454
227955
20911
617395
252920
828576
109947
938459
390925
64956
536285
571865
635615
848824
612797
324304
866800
485106
205789
735799
278214
847082
769730
637963
414642
102470
356713
172824
654503
950615
17897
913309
694922
555160
47056
947842
900088
157003
402654
291013
221960
455291
379231
373927
820467
992028
698232
687267
477134
420373
423067
271700
267455
709149
909663
198449
811620
782728
371273
982475
249695
905522
412136
944617
460682
975544
408812
360770
648899
327818
168136
387211
299461
63719
761139
119928
55747
975723
323548
49233
912448
746615
320934
179903
972116
746949
894704
300088
46030
782329
798915
812077
687851
727403
273047
664885
702947
198211
542007
351847
526029
226495
739058
825490
290214
16549
461770
862313
508624
785318
427899
421072
48285
748833
117327
20402
12134
12031
836842
58164
794360
152110
870242
998563
879513
659641
663448
98813
857852
721808
967012
900233
948303
222422
725723
754870
755324
703845
617183
263948
489164
561434
201373
537449
826619
835052
74203
838754
847084
911046
413270
157796
579508
799864
156360
975373
459505
336160
74186
317357
57968
557550
217590
522624
779973
459665
277494
535297
163511
411029
315597
652675
488816
516970
190124
315435
352023
264328
154189
715459
691726
567460
873255
787586
367324
545967
762959
343182
398480
353498
660539
972800
911048
394482
495424
691021
854147
289270
742670
534010
216652
58268
703037
705468
91590
893162
20903
443613
673842
691445
675424
881920
775257
65032
185858
658933
610999
948817
2115
525831
818667
179007
498632
729716
573489
510408
937089
943988
316031
196112
477999
532683
254380
181036
754503
345970
590550
291758
305936
780744
499555
497712
179016
274812
562744
364874
933746
690096
830044
935861
215927
648711
114868
714559
894779
204709
224968
831869
148698
57351
27981
143049
106386
798713
840437
860889
661035
947340
668999
483323
244436
168555
981036
423453
959719
543780
304679
893465
233876
134723
345679
449804
299787
976899
680715
194566
181609
422035
542787
846659
479386
87120
506060
585772
885833
346497
963013
63221
293837
632013
546544
538274
316920
527580
478079
276639
587713
782758
686457
821589
433834
32136
787745
249973
9035
468461
444539
190644
406848
503679
553655
886235
590799
59715
472007
992985
406213
951373
572558
216402
99738
119102
271028
416658
163035
265459
209649
750748
564570
896106
88689
514756
928242
392787
764729
453630
377600
725620
644274
784448
229299
714282
670683
336451
773997
659043
845788
696562
126768
418346
429317
226506
53800
216697
643164
216835
998509
369165
483935
563079
265272
572625
77835
193514
481764
842564
647144
859364
84536
807771
643812
830188
38405
830848
166639
328754
489891
528779
25317
616659
947125
970986
359517
517277
187683
519033
734113
702544
888198
218048
265623
153470
307025
343458
863337
305141
702374
26833
164505
303263
350956
808318
133451
389361
155518
300090
718116
161761
345221
259785
294772
808698
230771
654289
325975
934806
173322
60088
637351
61520
794489
419326
214991
617866
279137
594680
923008
497863
621513
603865
801126
972470
928535
934577
878183
84053
751019
596299
245814
96240
372436
540586
904938
119559
711227
747266
570718
884549
323706
208069
946070
118195
143747
677413
252414
422884
788445
691774
920748
409958
811991
721874
898780
740527
656452
776964
824580
923823
889615
586747
20064
778404
643685
441354
897963
354913
188620
468681
755814
512327
193102
218236
146874
336850
895649
915640
276086
684094
123766
196834
610405
935758
435061
25537
676285
607865
802501
17217
531688
208469
120316
68104
986873
280354
509459
401188
635267
214431
869870
391081
243110
579324
125670
389985
432526
537671
821977
708613
738118
945744
905447
348523
397854
856860
374060
590491
464725
692914
607708
996414
417735
244377
64518
920960
524731
90329
322148
676350
304761
708370
583783
547871
287695
709453
454208
720221
247125
792538
428834
985243
254634
850634
850118
652488
223846
224178
242979
688572
433444
367039
201338
851179
127768
782208
772139
652499
872538
610640
328849
693651
319010
428985
757874
606705
138438
728435
843279
901915
37325
788465
887158
291959
155451
737276
460799
379298
477807
703778
584222
911251
587169
301912
278783
714938
84120
50922
883789
473010
661562
728991
683013
496925
157976
957240
619982
812766
685675
463261
714682
239352
768079
601840
531311
439882
855469
992110
819180
333276
212240
919754
760879
315761
221666
39662
30699
822139
606937
430841
295149
784851
159832
494515
798128
834160
451755
418111
646926
653782
397724
877960
893134
165803
479801
424445
605686
851622
932907
941218
701250
661499
377325
462129
977260
598991
18144
524312
937482
141433
955153
232632
442636
631337
727147
240765
981849
695254
658876
628775
349036
56600
506736
242170
738756
502889
182967
344442
870863
632226
802012
572113
293725
179337
34242
787337
294681
568738
311649
232163
226523
783154
981147
669160
930843
224646
426277
912692
919900
85153
57820
268936
658105
80908
27458
396861
583797
210425
257655
454660
842651
59668
543125
652728
755357
93719
440066
566390
662458
268067
798554
405333
567574
296053
590845
498417
520700
17122
411110
956952
618627
985282
742241
276733
66190
769699
189946
166339
496477
447602
137351
855480
23622
680476
508209
295331
774195
464627
861722
953005
249046
176628
358339
816620
989033
949184
315038
26085
482659
242500
983038
101286
227782
725279
894371
293972
11330
84318
976663
507807
48272
114014
363288
71894
310842
387849
883577
85037
852476
261651
554395
101522
438279
912734
434495
943665
378270
749533
969750
860929
508385
952788
478568
736167
194419
372939
546491
722102
457257
39506
229909
505529
153520
109549
93775
464362
497398
977353
65751
866226
239004
620146
484101
193636
49232
918596
137301
943855
184481
107051
321136
692866
576192
799704
945385
286963
172644
8228
9065
146253
47734
755327
168135
717606
864876
261910
698320
878627
755615
764071
744853
510972
900570
745306
220960
949802
180254
358261
410009
364735
981664
731146
573953
74208
47202
35690
361172
219846
43918
886589
882452
608004
641916
50587
325610
23145
312497
23930
901772
584465
304354
162977
95437
204924
908284
316397
671078
604890
191010
81088
969626
689026
328586
59931
763235
375788
95622
640759
111987
655892
43700
994439
263897
201969
561378
589507
225114
390227
129790
126886
974692
434144
806215
586481
155420
230851
419230
826498
835742
126592
423938
321720
815619
268876
381651
95206
644665
477273
252317
273004
133166
296017
267443
913415
497986
828821
19274
239452
219048
149064
882690
710093
99560
688906
296574
254980
919757
232157
597831
755499
358749
21769
77219
174368
290646
975223
785926
451663
968848
38243
724667
618366
850613
508462
531781
348599
853635
551056
104404
589035
700120
987094
299128
316033
676000
112055
571013
112110
860564
168844
383961
219313
706966
977533
910034
513964
952756
695960
965627
437956
734204
206646
56323
584817
715108
588104
449768
568743
655512
554172
674130
871985
57619
973259
188018
249971
601666
275383
362081
462230
444228
262395
197895
667546
239928
107929
181510
709036
803890
663489
146992
538094
870135
719667
639263
585243
824124
89031
670338
479636
159556
860820
351621
217175
350431
55991
467146
952097
331375
345580
930679
291955
607975
128575
959501
364255
236504
141011
589643
556746
804500
252987
94840
674635
972655
250455
776230
313131
339487
962920
792767
15395
823740
660741
232570
174172
233084
216068
642621
564459
561648
573301
856414
685975
218228
332267
566582
971084
473278
156225
527831
794130
925565
139023
985117
414572
389479
761347
727703
728966
240619
36822
744361
580712
697563
493283
754884
447000
709351
913857
11459
787352
3510
384226
989679
221738
716493
556262
709175
706124
228839
237006
500254
670756
376029
485372
85328
765508
763071
329383
10826
3691
366206
271539
100755
580121
764822
855639
27121
990526
285848
38581
294230
289359
939159
283909
27449
172004
356523
736624
878128
101715
489982
378383
772471
866012
380107
374152
147872
143178
703535
675051
663221
69741
946590
763976
166215
227765
135967
193336
218291
938168
748269
28873
227527
687428
829134
771328
859433
185658
24305
253913
803725
514287
632296
576196
896651
528755
466700
44524
671934
170236
235927
851507
756329
182517
131836
922544
410282
784155
632233
144925
722323
380502
173798
466202
584283
2933
237531
443716
704943
261836
697629
508668
776123
846278
601216
189127
375033
67917
750003
563319
754505
985930
931179
27186
168447
579367
466083
95082
363522
98316
240007
85846
478818
930158
552048
579453
933091
305931
539521
638034
567767
753503
663054
860243
599781
264270
565722
491166
848539
315725
570838
603044
301655
18369
630231
986454
597736
96314
81536
961258
710982
321544
563456
706152
768054
631857
285606
701145
937788
825127
855531
21908
578630
34937
398503
694763
299207
964225
702282
664099
279950
273120
267143
97957
807841
413726
84411
405577
26392
165948
883187
737374
3844
446644
959879
288250
594853
245485
989395
48993
70612
361278
70901
165595
396215
985756
860358
211774
949981
562640
875873
746283
352112
659369
844240
159953
73095
445004
81882
615840
127304
965070
869566
647500
928066
829445
935750
522919
74930
441497
571912
661895
802775
159166
343842
715342
661274
720552
443468
127608
283193
835694
873891
151657
495063
234484
827963
84510
195840
426197
216702
323144
391267
86269
970644
319333
432066
906394
358604
23349
347891
446869
685244
667018
122387
545438
898712
783661
265990
342180
427621
65535
694226
301513
217193
189289
52349
561508
790152
248189
987705
523206
87685
895325
609475
58329
731010
41542
481075
89615
64891
828966
52836
266487
12336
175223
811925
911048
475236
77915
769580
902858
143451
463807
720723
876996
169448
289424
954856
475952
53965
942561
999159
141650
837886
608634
199979
568897
166528
681054
174864
747771
26372
227700
530610
38708
919275
858887
466108
910863
453155
235688
813721
112958
215847
50796
989954
385296
340220
461162
377600
394185
403723
376759
535835
757962
501746
252166
843211
184626
449572
534427
448750
475944
278479
979360
31004
197754
354600
497112
108617
807755
249153
438691
920713
465000
5839
427019
366648
346060
888181
744249
256597
808256
637360
308785
82570
139106
560951
925781
840085
526876
976560
288835
2820
255039
784547
33825
452793
139147
47289
77763
946902
296442
32806
383967
277795
38645
810986
160795
901057
699167
905044
674007
507424
58757
982792
106346
714215
60095
32128
554300
586971
525040
843135
106144
780080
627683
656321
749225
766830
703610
343340
230085
516405
376146
614052
794200
931144
425039
954995
832201
640558
376392
506208
664334
435149
5352
770681
149364
65448
319161
220017
168771
844201
63152
274915
140633
207187
931236
889859
974018
151199
233199
720455
667604
125698
334507
461804
56842
275898
933151
889043
916457
825895
911604
97143
261044
916956
867824
926761
498756
703337
146778
667528
547539
726282
458795
688172
933470
390032
94383
423840
541231
843935
144295
208835
969633
995154
186991
26475
787405
636494
431870
220214
462390
343474
317357
239786
260431
701534
166547
759187
404871
829677
426715
468762
72312
401863
673287
5782
791895
767670
945974
849478
611605
606621
574665
581238
601775
278008
124065
905532
914502
555936
125746
376892
899410
443104
616679
676193
660990
299578
435381
582213
645608
378448
50976
717920
780311
724263
723702
88558
8285
669676
938036
136243
792649
512701
233833
394424
790709
357899
299957
221564
913835
942055
598456
329597
901511
731487
5791
562501
31066
441172
144715
676674
335972
712043
910946
116284
436306
634648
721194
960943
820676
659231
97186
613325
688284
331020
524101
995346
688919
340410
216910
119106
798818
331718
965055
700329
63206
970846
779183
610624
928370
923898
803650
264343
635941
714596
896979
588599
865596
618173
65894
202624
793756
163081
332301
998393
10453
372754
993739
215724
229517
727001
851182
28335
575071
816237
728664
638277
787084
507847
765253
231806
948097
568903
12501
100390
799851
909480
205341
665447
44006
271236
384423
354114
950669
716724
352507
477474
605831
862598
693198
835348
105951
544380
863683
681023
876969
592347
835652
180405
616547
600906
412212
564644
686161
424713
665035
486013
850546
386728
667812
410904
657964
568588
765018
124985
801664
633878
602459
407495
12828
812009
242843
635132
872741
106526
832507
749711
215226
668159
930116
831773
785417
858680
396417
987931
283394
577804
473944
133940
964533
658108
544844
138849
226696
826214
263835
28361
976444
382646
952208
989273
711008
195052
624405
583749
301578
973264
849812
516804
641423
779929
864929
943193
154961
261347
931124
438355
355503
921420
88647
836388
579528
633491
975238
322577
976058
755425
867290
952502
654423
819498
941775
365431
530902
82532
949181
832481
55796
798993
865637
213572
95274
730567
156765
766588
508266
604241
204943
380121
525661
293591
216510
621541
443434
708100
944118
419492
463525
327760
888347
634300
663611
346474
999732
194513
429007
465265
543346
1155
780610
408984
731079
392237
655903
404196
158825
680521
8437
363768
60642
50450
173711
277152
671992
133498
985252
132462
69342
965129
460223
957689
599430
640186
304164
115514
834699
249523
580779
894398
767030
361389
303382
498110
753626
475637
418658
428803
672510
427096
792572
733152
477546
482635
526657
665890
616133
28261
798353
685476
993391
774928
159517
109173
415114
463681
224687
766165
713204
805466
660563
480235
683207
480297
494697
436834
472286
913355
865637
144796
856803
174561
877949
850702
173549
920958
516592
789682
949219
831297
991510
942610
606225
151028
568135
537691
131061
792822
820209
844266
598288
480772
840853
797848
477422
335550
234682
949708
248905
616671
94505
622061
307585
488806
472763
481134
409764
989355
787168
875335
337005
295031
817946
943230
446059
902433
997274
577120
695256
817483
937738
809896
814607
778591
607744
292029
630493
358778
758090
395751
975450
368947
17812
799387
374105
490575
796873
783869
996282
584041
175556
333287
879072
509854
792870
841483
412288
790144
934956
107544
123979
389046
433792
938586
683990
41537
746968
314483
400315
505058
710234
892117
874005
244398
207856
248110
251325
4729
548331
247608
588771
723887
97247
984195
233742
890117
342031
646030
196613
276987
269926
320592
666033
703718
775531
350023
261607
522499
180859
178275
543909
407445
70392
417914
651844
794601
182376
903169
799330
247059
667129
904453
487298
280729
888649
721040
687198
230680
883422
400164
24019
669700
237108
206404
889771
12639
72780
151378
51490
253639
329653
595399
661084
916398
529665
829280
710999
228393
248802
510329
475452
432283
931135
479103
713012
336136
716495
916563
566816
599918
316727
107187
785970
553835
313591
675741
82827
386371
343472
134317
156362
673125
246069
817447
589523
775734
163079
816874
520480
411881
327204
512284
844165
774691
991387
73529
110827
707883
990092
193995
824153
306819
301182
610123
377007
131125
802217
459834
33849
145689
110503
190211
818814
356572
524010
924690
648659
687090
741564
169139
615323
585120
681423
459488
359811
672811
49370
470638
380694
39462
664633
204847
862634
482167
331322
755993
129645
133539
215827
163494
279228
326330
870057
614395
199255
394068
55437
847914
597510
797001
17053
212833
898474
214828
188674
258285
887639
754396
245276
784685
310210
426261
505884
172844
424781
837207
445189
554426
487098
661016
717920
282679
503699
104329
413426
219306
498397
468863
67220
612259
265864
600625
341445
164338
815453
530119
938976
219445
800867
184252
4130
111077
126865
510015
283922
551646
863574
245463
106072
867024
422832
340344
149703
926531
444674
563129
662189
459423
31992
729409
71683
814209
330034
413128
978547
661839
459599
433875
881284
260466
618127
401767
371543
261345
428134
171817
812991
291708
417281
919064
675084
356465
775760
824788
799348
220434
904269
461537
679858
452614
190946
267893
266823
37332
197373
761722
215523
173324
195598
96808
950142
330077
14927
838037
591422
443061
9855
404414
251121
943488
839830
926205
299953
615590
750993
99301
352377
171615
77190
32235
624229
268136
300128
891052
821820
13853
652774
37343
187177
364724
650503
137319
694802
665430
975356
286224
108491
501563
206990
875964
961403
46820
802170
777708
178763
69515
393361
531140
241130
470551
79727
381711
255039
896207
272763
76859
910060
441890
630555
97237
806614
797410
750908
17768
979193
726264
820345
604036
227828
27335
480001
705583
590508
282171
483292
769271
351686
876653
816763
109169
347205
896490
490880
118596
309049
279996
711808
219109
238238
342363
832698
561204
656125
583606
578973
635318
309870
399318
239355
54050
943005
719356
759634
533513
517879
759278
819136
385917
635931
152251
495086
499488
565093
502319
618085
874142
298667
846245
93251
536905
704960
925949
98109
361085
509555
193434
996404
335778
109104
752111
906180
52110
987819
182166
101975
505698
941444
437464
891615
93728
589715
903054
109568
154809
921725
244005
28951
220392
90250
638555
273649
795210
80856
371758
156296
106764
81545
669052
442542
190649
937515
865074
759111
925334
47241
861087
947384
505037
814903
355351
115117
404618
774757
224686
75779
696482
985043
621083
916874
75294
259638
706875
386856
340494
78634
59504
963610
676531
728556
922504
383532
182423
787579
142644
107757
351172
520083
571493
372561
334986
926845
487679
255956
701602
712365
331736
398085
697408
952819
831311
289054
728809
538187
675911
585655
133173
735415
549266
326056
980324
471770
709588
162747
775701
368584
786857
126873
888667
358350
499435
740005
801547
987114
995962
503150
215831
844050
417587
429591
796869
765250
234998
42030
819789
910909
627685
469314
162676
693303
311722
143000
165074
21311
822100
940775
389895
125309
584001
794915
11
83436
51272
801559
586902
47234
821061
319085
891284
755000
265028
204505
520250
500026
762887
856392
927287
906925
842058
606316
600228
153781
749316
281654
175092
87768
222430
81339
213077
322783
392606
213089
922571
443879
14648
25825
7465
352061
344910
415102
107061
126290
135959
143663
142669
898847
55
69956
805772
358466
676272
406000
512247
941941
687655
203691
546061
426437
801382
759139
749220
193989
488580
671791
154220
19580
697616
161685
371641
558878
576787
478702
201520
712747
138717
344189
127946
655125
414146
933718
13591
606770
339718
525838
65063
543725
245881
611125
970162
47263
370264
235734
757604
375196
423877
911824
394776
637845
589862
766417
713075
166649
761471
914596
395748
416540
258785
523694
71665
189283
973764
85256
796054
829835
127446
861117
373560
373327
472242
860075
420591
358858
612161
178195
250406
36039
606372
645182
673884
196234
927951
903312
879235
205774
817908
791336
622315
76693
315030
693980
265977
805147
295589
62031
634982
423035
439500
524894
796363
428095
384969
733306
303305
513483
427853
553712
549522
34225
715246
739758
746811
643198
159422
626047
848972
977330
417383
987639
54024
248765
197972
320001
53912
493561
898384
688894
432948
854236
730141
229311
282331
631462
478969
101989
144945
906823
655701
210819
457400
370947
466930
204212
530497
626352
346611
895822
603683
763994
883461
657707
12759
597785
494060
583024
91346
908796
271918
524295
763032
518411
269958
561716
149874
748928
663705
294819
172103
835758
505639
145855
723057
488921
866419
769907
115273
213030
665729
718956
977024
65542
893015
506136
663328
903427
89160
754674
812223
877430
795321
575256
395842
581632
653324
545716
846912
833381
356887
19015
669139
862526
681222
908548
351447
547642
678455
983073
760672
344184
702029
737697
409727
111397
760185
589407
14824
849345
344081
343400
243127
655755
435008
155321
237387
88332
701037
84299
921713
57925
619666
107204
436803
300888
532104
304603
848530
210560
287676
125555
71096
506057
379604
997175
617454
139789
586582
148631
505486
447016
492031
748613
102771
443391
903935
856510
531723
121324
940809
969788
695601
76827
593344
132405
377715
125448
953360
742598
336008
241036
868153
923457
263445
247757
920632
397252
903898
23567
545883
409384
470583
554266
674349
89706
997657
94636
946216
45732
732313
403377
531872
427914
480204
125216
76671
374271
250664
30031
116869
103025
787419
501374
26482
50865
749131
463466
448117
169381
487033
510352
578765
473968
580970
769467
563674
94979
864103
26242
657063
596416
429619
188935
540683
426175
830503
617354
800447
597519
163738
433668
700544
951157
935043
243378
518374
200526
223197
482843
369908
710230
509547
465025
184199
90517
234492
264225
185496
614948
290468
358911
211364
236439
547846
752047
178967
894701
885754
495766
492221
565844
929434
192765
33353
380829
952496
551728
97708
175693
550923
983968
402275
60471
448993
102826
150988
199838
367052
852837
814786
173872
728100
26150
926663
275947
294550
105630
170648
696656
601396
662869
262500
47183
371987
295853
428012
840835
363933
525720
16528
914857
509688
418803
975328
475034
521630
642668
674872
405034
11857
489658
578906
739958
32160
505569
532257
843062
127552
219257
539718
245300
398479
802218
292483
286818
614424
236848
127653
978357
278920
144181
409566
304961
79336
384894
779995
117318
543915
454867
522352
555772
460877
617610
812082
9389
639532
344339
852452
767084
79949
392170
12384
478428
710741
821220
765246
841517
58068
892899
819874
336988
553432
229441
641949
632768
130687
421944
750087
190954
393163
788791
263079
370392
406402
75161
379782
45934
935853
232234
329370
15802
140756
341754
10582
367849
162974
775828
209366
737394
185079
545593
74383
254863
291386
716332
887631
938425
654629
154070
129380
564144
459214
392459
450889
865616
983972
830671
911550
919825
579257
757272
451979
236365
99026
462561
120567
778353
754741
846285
32099
456172
908230
106482
711035
199616
339167
115019
654394
510148
785441
783774
590644
244655
692585
41533
110271
676557
388556
538173
112735
967813
295445
81066
720531
910824
59980
841098
205529
814721
687383
237628
787246
595614
860463
498281
311582
715982
129652
965976
226130
915094
266102
333126
676101
475039
374660
786373
667949
763216
840898
297036
247382
652696
378102
967913
79872
438082
809011
801753
769156
12746
555733
556402
124712
416196
571035
436295
648530
217040
918623
391012
132134
701078
724139
808235
692469
98799
110960
360418
862015
468211
657454
625749
637259
551909
593662
717131
989991
919025
35236
275499
448124
590969
831901
572836
523518
919289
525483
172048
136329
960459
563061
784815
661537
287200
109402
870358
385999
736715
230777
764366
721278
404583
390116
358537
956492
500130
592020
462836
935508
627256
738335
383632
218225
86589
472820
741743
522230
998304
913792
174911
958763
993205
476078
136652
280405
585480
523362
182756
838547
754139
463474
559825
675075
369942
434714
147919
870073
26734
610755
805581
170342
865443
705565
388568
952032
178385
646663
990614
693041
76807
165525
168156
70012
641603
304808
866769
743435
828171
49525
581983
98662
513000
658160
290089
882942
609227
438009
269367
635961
565116
591300
322656
430559
296865
227576
382591
991603
874239
373205
684644
467399
55082
852801
537411
696685
673961
404181
440121
18484
970058
538456
633499
999410
196616
923588
398705
805843
361597
668072
958157
926714
775725
797165
873625
72590
24741
772569
580545
898980
662126
781542
366379
717209
634343
420143
413894
824656
340676
370367
359493
827086
908823
992992
826497
621792
432932
225202
427635
794530
893274
902144
237596
668999
699309
627573
257942
240402
400142
354839
139383
62269
136381
22114
779478
287076
958609
193372
628085
299285
80092
987578
126372
988915
980570
469221
610707
413502
694423
554695
724384
104049
973191
478332
289401
188853
105906
547343
429255
506048
418534
84990
84669
554916
107105
864147
358344
65714
573872
986429
881352
653964
490359
524076
642879
470929
993297
253587
400784
204072
324634
641520
308121
297825
636205
597522
486678
258463
661217
915934
280863
79752
924
365533
151020
624381
229680
25716
206448
803552
528498
604152
457516
18857
128228
616748
489787
637877
386687
406923
841949
711321
564795
666422
525498
201000
263945
528529
975815
441514
960815
256679
521266
961739
622212
188638
102473
851892
214355
825273
171797
742853
429425
145665
278062
74005
278765
284201
711882
665452
691124
70183
893125
772272
736605
418624
489624
516902
947153
465440
958417
907968
722119
996035
386059
860683
701026
4884
228927
431733
830157
400724
690938
259582
62742
969000
333587
341507
253202
561821
523312
460678
148356
416437
232950
401314
351413
722575
918216
814918
704367
392985
722886
942838
905373
625298
803521
606399
630182
32448
554484
976692
949525
245422
236274
528619
214422
86214
870126
467624
164387
393438
444655
312744
326228
677605
714058
677641
916532
148626
492560
620899
57964
731798
563737
479689
357096
883610
86088
503631
432411
156924
480323
898288
402346
232949
426907
133120
835515
297033
117097
999903
206824
561752
312647
533052
239357
543057
210693
672242
208035
703253
809493
782351
435052
889583
262040
308500
773193
864480
812131
205604
21404
808806
620244
940102
558108
47151
73223
393623
860537
190320
393526
67361
752072
222525
600413
507781
281934
327458
696375
489970
547064
505869
788673
982116
395452
50714
806968
168645
915194
135452
890602
452951
460610
510846
393053
18718
74350
466276
412342
934887
172948
322220
2248
441372
544746
119013
949154
826680
446471
161881
833002
509887
667750
621676
8355
63202
672390
815324
748200
103936
950776
155154
556887
411386
182352
466293
946457
256702
932569
358799
191589
105518
681019
710189
546890
742117
829202
12396
568798
792026
174278
401800
301913
358380
539828
310269
421583
728570
641945
686135
832507
109073
841289
905746
520459
539993
372039
466916
796696
820961
342067
504637
442831
539439
214827
506073
281556
560381
518470
366706
352407
209100
284859
170673
567480
824687
997294
505415
553258
155591
707902
902117
264664
549191
324215
301475
605537
212607
768392
402233
33568
626811
423222
992751
166250
638049
498824
964159
198431
533646
330865
67190
259098
615724
754215
342931
956764
267861
848346
26374
423452
556249
928491
688116
621792
252706
989592
227329
981665
274336
145914
531585
417499
569137
524336
583750
723538
23161
64261
